2 3 154 185 199 200
1 3 4 72 200
1 2 4 5 175
2 3 5 6
3 4 6 7
4 5 7 8
5 6 8 9 155 190
6 7 9 10
7 8 10 11 59
8 9 11 12
9 10 12 13
10 11 13 14 170 187
11 12 14 15 29
12 13 15 16
13 14 16 17 199
14 15 17 18
15 16 18 19 69 99
16 17 19 20 181
17 18 20 21 156
18 19 21 22
19 20 22 23 75 142
20 21 23 24
21 22 24 25 140
22 23 25 26 27 56 194
23 24 26 27 98
24 25 27 28 60
24 25 26 28 29 189
26 27 29 30 161
13 27 28 30 31 88 164
28 29 31 32 185
29 30 32 33
30 31 33 34 97
31 32 34 35
32 33 35 36
33 34 36 37
34 35 37 38 57 58 64
35 36 38 39 68
36 37 39 40
37 38 40 41
38 39 41 42 51 56 161
39 40 42 43 117 175 195
40 41 43 44 63 94 139
41 42 44 45
42 43 45 46 163
43 44 46 47
44 45 47 48 130
45 46 48 49
46 47 49 50
47 48 50 51
48 49 51 52 148
40 49 50 52 53 144
50 51 53 54
51 52 54 55
52 53 55 56 172
53 54 56 57 146 168
24 40 54 55 57 58
36 55 56 58 59 108 176
36 56 57 59 60
9 57 58 60 61 198
26 58 59 61 62 130
59 60 62 63
60 61 63 64
42 61 62 64 65 71
36 62 63 65 66
63 64 66 67 142
64 65 67 68
65 66 68 69
37 66 67 69 70 138 155
17 67 68 70 71 180 193
68 69 71 72 164
63 69 70 72 73
2 70 71 73 74 88 98
71 72 74 75
72 73 75 76
21 73 74 76 77
74 75 77 78 112 161
75 76 78 79 164
76 77 79 80
77 78 80 81 93
78 79 81 82
79 80 82 83 103 184
80 81 83 84
81 82 84 85 126
82 83 85 86 197
83 84 86 87
84 85 87 88
85 86 88 89 196
29 72 86 87 89 90
87 88 90 91 92
88 89 91 92
89 90 92 93 95
89 90 91 93 94
79 91 92 94 95 103 159
42 92 93 95 96
91 93 94 96 97
94 95 97 98 196
32 95 96 98 99
25 72 96 97 99 100 119
17 97 98 100 101
98 99 101 102
99 100 102 103
100 101 103 104 128
81 93 101 102 104 105
102 103 105 106
103 104 106 107
104 105 107 108
105 106 108 109
57 106 107 109 110
107 108 110 111 152 153 179
108 109 111 112 150
109 110 112 113
76 110 111 113 114
111 112 114 115
112 113 115 116
113 114 116 117 151
114 115 117 118
41 115 116 118 119 163
116 117 119 120 138 165
98 117 118 120 121
118 119 121 122 136
119 120 122 123
120 121 123 124
121 122 124 125
122 123 125 126
123 124 126 127
83 124 125 127 128
125 126 128 129 131
102 126 127 129 130
127 128 130 131 196
46 60 128 129 131 132 156
127 129 130 132 133
130 131 133 134
131 132 134 135
132 133 135 136
133 134 136 137
120 134 135 137 138 200
135 136 138 139 187
68 118 136 137 139 140
42 137 138 140 141
23 138 139 141 142 180
139 140 142 143
21 65 140 141 143 144
141 142 144 145 177
51 142 143 145 146 191
143 144 146 147
55 144 145 147 148
145 146 148 149
50 146 147 149 150
147 148 150 151
110 148 149 151 152 192
115 149 150 152 153
109 150 151 153 154
109 151 152 154 155
1 152 153 155 156
7 68 153 154 156 157
19 130 154 155 157 158
155 156 158 159
156 157 159 160
93 157 158 160 161
158 159 161 162
28 40 76 159 160 162 163
160 161 163 164
44 117 161 162 164 165
29 70 77 162 163 165 166
118 163 164 166 167 197
164 165 167 168 175
165 166 168 169 184
55 166 167 169 170
167 168 170 171
12 168 169 171 172
169 170 172 173
54 170 171 173 174
171 172 174 175
172 173 175 176 190
3 41 166 173 174 176 177
57 174 175 177 178
143 175 176 178 179
176 177 179 180
109 177 178 180 181
69 140 178 179 181 182
18 179 180 182 183
180 181 183 184
181 182 184 185
81 167 182 183 185 186
1 30 183 184 186 187
184 185 187 188
12 137 185 186 188 189
186 187 189 190
27 187 188 190 191
7 174 188 189 191 192
144 189 190 192 193
150 190 191 193 194
69 191 192 194 195
24 192 193 195 196
41 193 194 196 197
87 96 129 194 195 197 198
84 165 195 196 198 199
59 196 197 199 200
1 15 197 198 200
1 2 136 198 199